16 16
43526.0 36001.0 35101.0 48833.0 44906.0 43878.0 47703.0 32909.0 42510.0 43398.0 35976.0 31925.0 33040.0 42275.0 42700.0 39436.0 
52839.0 36871.0 34921.0 56776.0 40536.0 44184.0 48100.0 31797.0 49889.0 48396.0 41246.0 42099.0 34120.0 49484.0 50077.0 47215.0 
40180.0 26889.0 33038.0 51276.0 28877.0 36564.0 38263.0 23131.0 44009.0 38396.0 36325.0 32782.0 27581.0 38052.0 35469.0 41737.0 
44700.0 33735.0 36626.0 46647.0 40549.0 36553.0 39872.0 32804.0 40511.0 37865.0 36572.0 27125.0 32004.0 44114.0 40588.0 31670.0 
48344.0 28960.0 31665.0 54662.0 37310.0 41320.0 39332.0 29909.0 43711.0 43441.0 31815.0 32068.0 31076.0 50050.0 38649.0 41258.0 
50224.0 33928.0 39495.0 57548.0 46371.0 43869.0 54076.0 31062.0 47798.0 49123.0 34086.0 36789.0 37893.0 46982.0 49251.0 42013.0 
51199.0 36309.0 39963.0 58528.0 38959.0 45508.0 47180.0 30940.0 52091.0 44279.0 40651.0 41098.0 32696.0 44333.0 49466.0 45307.0 
41233.0 24518.0 28762.0 46982.0 34520.0 41699.0 38857.0 28933.0 39235.0 42468.0 30393.0 27341.0 27500.0 39290.0 37934.0 35719.0 
45843.0 32986.0 36505.0 47321.0 38970.0 44863.0 44184.0 30705.0 39470.0 38924.0 35136.0 29752.0 27405.0 42185.0 41453.0 35218.0 
37483.0 32418.0 37342.0 52951.0 37134.0 36200.0 41276.0 28616.0 37295.0 39387.0 32791.0 34387.0 38219.0 42304.0 39846.0 38274.0 
41826.0 37011.0 35445.0 49483.0 37155.0 47659.0 38956.0 32223.0 42633.0 39295.0 35437.0 32523.0 26860.0 41184.0 40335.0 40706.0 
53340.0 32074.0 36435.0 53301.0 40685.0 41168.0 45778.0 34707.0 51724.0 40747.0 38695.0 37339.0 39966.0 45322.0 50974.0 39954.0 
47477.0 36475.0 41190.0 57964.0 47358.0 51576.0 53532.0 37876.0 45556.0 51248.0 42403.0 32578.0 40244.0 49819.0 44788.0 45767.0 
46114.0 35221.0 34309.0 54326.0 40962.0 43936.0 50811.0 27847.0 44367.0 51459.0 37643.0 29056.0 29056.0 49427.0 44170.0 39846.0 
45793.0 29171.0 41905.0 59127.0 45065.0 43372.0 41144.0 31789.0 42309.0 44838.0 30182.0 28817.0 31761.0 47868.0 42385.0 36722.0 
40983.0 23703.0 33604.0 49460.0 36111.0 39331.0 34098.0 31994.0 41275.0 36567.0 33073.0 28959.0 34512.0 40075.0 38224.0 32770.0 
