32 32
65048.0 80810.0 58157.0 81557.0 84452.0 80639.0 85865.0 69676.0 73994.0 76643.0 70916.0 85023.0 72745.0 99045.0 73788.0 75948.0 83818.0 89733.0 78328.0 94075.0 76755.0 66480.0 82481.0 80786.0 74377.0 84471.0 92410.0 74842.0 74058.0 84367.0 64689.0 75283.0 
76067.0 82092.0 68270.0 95819.0 84179.0 76347.0 92558.0 75677.0 79610.0 84461.0 69127.0 100157.0 83219.0 106895.0 81084.0 71966.0 103634.0 94565.0 92239.0 86267.0 90975.0 88518.0 89120.0 79767.0 74451.0 86449.0 93480.0 90034.0 87360.0 93585.0 71068.0 85774.0 
70358.0 79361.0 64059.0 93088.0 79973.0 72667.0 82598.0 81134.0 79224.0 74655.0 77200.0 96387.0 78001.0 100595.0 79185.0 70036.0 86491.0 93003.0 81773.0 91038.0 80627.0 83173.0 81089.0 73284.0 71986.0 80275.0 92356.0 88798.0 85414.0 80088.0 70196.0 74914.0 
77916.0 86646.0 76370.0 102536.0 92145.0 80903.0 97025.0 76164.0 85735.0 88996.0 78941.0 90300.0 78045.0 112811.0 92473.0 74530.0 95969.0 91723.0 93479.0 102138.0 88335.0 94749.0 99990.0 76663.0 74551.0 95905.0 101457.0 81952.0 79948.0 94562.0 65690.0 81061.0 
61043.0 68502.0 57065.0 70848.0 84034.0 77439.0 78809.0 65640.0 71069.0 63108.0 62414.0 86723.0 73514.0 84593.0 74942.0 63775.0 75550.0 72608.0 69654.0 77362.0 70112.0 64822.0 79836.0 75750.0 68114.0 81401.0 90589.0 83784.0 79666.0 72932.0 67085.0 68425.0 
60842.0 77821.0 58850.0 85431.0 85401.0 71390.0 83000.0 69764.0 70434.0 77423.0 70375.0 86222.0 79519.0 100391.0 74882.0 65940.0 89826.0 82809.0 73412.0 96388.0 73652.0 69266.0 94744.0 78337.0 77848.0 82565.0 84047.0 87059.0 84420.0 81777.0 74246.0 87973.0 
75358.0 78973.0 69322.0 92002.0 80852.0 87956.0 85914.0 74716.0 84744.0 79001.0 71725.0 87869.0 74431.0 101131.0 84204.0 72418.0 90372.0 88549.0 86595.0 86522.0 86892.0 74973.0 84879.0 74025.0 70279.0 88240.0 94953.0 80347.0 77248.0 88073.0 65316.0 67256.0 
66105.0 85171.0 64800.0 79556.0 83153.0 73253.0 86299.0 60887.0 79722.0 71308.0 67224.0 86813.0 75102.0 99233.0 73786.0 66856.0 83131.0 82246.0 84192.0 91207.0 82460.0 76926.0 85279.0 79134.0 66073.0 82674.0 97178.0 72021.0 73520.0 83063.0 67744.0 79064.0 
70430.0 81049.0 63622.0 92542.0 79017.0 67584.0 85194.0 64925.0 82620.0 73769.0 63547.0 90138.0 83309.0 103853.0 85515.0 69154.0 89876.0 88532.0 84019.0 90139.0 77254.0 80778.0 87017.0 72142.0 70406.0 82820.0 86482.0 76709.0 79659.0 90176.0 73838.0 72538.0 
57590.0 73903.0 57987.0 87824.0 72072.0 71394.0 72663.0 66829.0 72211.0 76269.0 59913.0 78197.0 77559.0 99085.0 75822.0 65851.0 74890.0 74377.0 71472.0 75394.0 82135.0 73174.0 80259.0 56715.0 61197.0 71149.0 74209.0 71345.0 74481.0 80355.0 64362.0 68140.0 
66287.0 70483.0 63407.0 78713.0 61462.0 66525.0 77140.0 66767.0 67339.0 67821.0 66991.0 77149.0 54237.0 86788.0 69471.0 62951.0 77446.0 81707.0 71356.0 77586.0 71700.0 71756.0 68707.0 65590.0 62115.0 76422.0 83623.0 67737.0 66455.0 72325.0 53547.0 57033.0 
63507.0 76405.0 60888.0 76395.0 86079.0 70613.0 84144.0 66298.0 75973.0 68306.0 64132.0 90344.0 78842.0 97144.0 77422.0 65342.0 81596.0 77388.0 77130.0 86668.0 70620.0 75122.0 88943.0 74548.0 69086.0 76381.0 94572.0 77547.0 75950.0 81913.0 62724.0 72956.0 
66994.0 72396.0 57913.0 77021.0 75113.0 76829.0 75289.0 76208.0 77784.0 65831.0 62263.0 83494.0 66629.0 81206.0 67677.0 61545.0 71827.0 83243.0 74951.0 73049.0 82660.0 62286.0 75049.0 72776.0 58536.0 78892.0 81058.0 67952.0 65785.0 78229.0 60631.0 67387.0 
63580.0 90860.0 67696.0 96434.0 90712.0 85872.0 86730.0 80849.0 91101.0 83976.0 71022.0 98123.0 90884.0 107848.0 98811.0 79200.0 94208.0 98079.0 96153.0 94901.0 96116.0 87161.0 99688.0 85704.0 88067.0 94241.0 96623.0 91624.0 85011.0 92074.0 78643.0 89529.0 
61937.0 69837.0 61165.0 79440.0 88781.0 70983.0 76037.0 71316.0 71069.0 66245.0 66098.0 88173.0 72683.0 90533.0 77395.0 59724.0 76019.0 80618.0 73585.0 79799.0 76714.0 75708.0 80941.0 76577.0 68548.0 78860.0 80783.0 76790.0 70300.0 73976.0 64570.0 77682.0 
60922.0 73324.0 53723.0 74952.0 78239.0 79877.0 77538.0 62202.0 69249.0 69841.0 65013.0 87021.0 67685.0 89645.0 75539.0 70580.0 82967.0 81355.0 76404.0 84724.0 72547.0 63166.0 87339.0 74049.0 70193.0 78060.0 84963.0 69381.0 65381.0 85605.0 62184.0 75520.0 
71082.0 82813.0 57189.0 85811.0 81764.0 71686.0 85668.0 69644.0 78180.0 74127.0 73257.0 88715.0 74553.0 97237.0 73343.0 67967.0 92616.0 87253.0 81752.0 93781.0 77650.0 63186.0 82858.0 74012.0 71638.0 74152.0 88029.0 84428.0 73251.0 89584.0 65232.0 74961.0 
59127.0 81425.0 53002.0 83127.0 74086.0 66686.0 87521.0 72281.0 75709.0 70454.0 67457.0 77242.0 70914.0 89246.0 74765.0 64343.0 81691.0 88692.0 80722.0 90627.0 69936.0 73586.0 81024.0 72477.0 63036.0 80274.0 92954.0 83164.0 72906.0 87449.0 58941.0 69930.0 
61311.0 70494.0 58456.0 75195.0 72844.0 61029.0 77569.0 70447.0 64798.0 70373.0 52875.0 83137.0 71677.0 91297.0 73572.0 55861.0 78054.0 77717.0 66685.0 78950.0 67535.0 75502.0 81419.0 70239.0 62582.0 76638.0 68930.0 64702.0 68081.0 83051.0 64997.0 70717.0 
63770.0 80569.0 61561.0 85501.0 70269.0 70818.0 82763.0 62729.0 66148.0 75023.0 64483.0 88450.0 73267.0 94692.0 77577.0 66679.0 90697.0 85380.0 67899.0 85010.0 71348.0 75353.0 81527.0 71217.0 73166.0 83702.0 77894.0 81701.0 78298.0 89307.0 73368.0 71460.0 
58187.0 79110.0 47758.0 75365.0 81337.0 75770.0 82068.0 64972.0 72526.0 67679.0 63011.0 93525.0 67577.0 88154.0 70169.0 64311.0 76940.0 70781.0 69860.0 76561.0 73325.0 60610.0 68323.0 72710.0 62655.0 71628.0 82746.0 81159.0 74183.0 77312.0 63588.0 72416.0 
71777.0 90916.0 56666.0 84724.0 82462.0 72986.0 86984.0 71812.0 80606.0 78216.0 70836.0 96869.0 79197.0 103303.0 79256.0 66877.0 90766.0 85784.0 69477.0 85988.0 88469.0 77798.0 78494.0 73465.0 69054.0 80502.0 84288.0 82810.0 83788.0 86927.0 73950.0 76764.0 
66431.0 73364.0 68247.0 92635.0 76746.0 77879.0 86168.0 70550.0 77857.0 81050.0 59525.0 83901.0 79201.0 93190.0 82976.0 67723.0 88055.0 86609.0 81716.0 83516.0 81950.0 86984.0 84276.0 79640.0 70709.0 96575.0 90641.0 84897.0 86911.0 85891.0 73731.0 74646.0 
52652.0 63585.0 45372.0 64136.0 70259.0 64289.0 70854.0 53073.0 58239.0 49901.0 58574.0 75953.0 65959.0 74394.0 61833.0 56001.0 72185.0 73851.0 58895.0 69365.0 58970.0 56756.0 66121.0 63049.0 62487.0 70000.0 71754.0 72021.0 67195.0 63612.0 61642.0 71088.0 
75798.0 88213.0 60689.0 88876.0 80888.0 70895.0 92981.0 73088.0 82314.0 80291.0 74641.0 93894.0 80705.0 104684.0 82831.0 69399.0 90318.0 97519.0 81049.0 97542.0 76808.0 76214.0 89272.0 75593.0 76752.0 80379.0 96672.0 91817.0 84042.0 92521.0 69458.0 75922.0 
60989.0 80161.0 64047.0 87112.0 80870.0 73080.0 78414.0 65653.0 70224.0 75666.0 65945.0 81920.0 75996.0 95867.0 77350.0 60807.0 79996.0 72943.0 67543.0 86594.0 85124.0 80773.0 86428.0 68367.0 67557.0 81414.0 85383.0 77712.0 79241.0 74573.0 71712.0 79418.0 
39962.0 50685.0 52487.0 64586.0 53200.0 50097.0 56454.0 53385.0 55125.0 51302.0 49365.0 58528.0 54908.0 69268.0 60217.0 46801.0 58271.0 61196.0 64164.0 59483.0 54638.0 62513.0 59791.0 51459.0 49779.0 61933.0 65699.0 60365.0 55242.0 53641.0 44499.0 48562.0 
54093.0 68096.0 50698.0 84172.0 75672.0 62814.0 71164.0 57842.0 78676.0 69129.0 64579.0 81007.0 71811.0 86888.0 67265.0 57106.0 74523.0 66972.0 69379.0 71959.0 73221.0 70345.0 74845.0 54907.0 63082.0 65741.0 80045.0 80130.0 72655.0 71169.0 59619.0 71368.0 
60976.0 79470.0 53240.0 90514.0 84223.0 78744.0 81453.0 76166.0 70577.0 82817.0 75596.0 87755.0 81876.0 98843.0 80923.0 68331.0 97679.0 88096.0 76968.0 91610.0 81039.0 76881.0 94058.0 76351.0 84694.0 82784.0 80828.0 85184.0 78836.0 88345.0 74995.0 93427.0 
68075.0 86867.0 66181.0 88821.0 70432.0 80379.0 89691.0 79099.0 81273.0 84152.0 67282.0 81652.0 73755.0 101686.0 85914.0 72682.0 84598.0 94450.0 87130.0 91324.0 83940.0 75101.0 94939.0 78678.0 70580.0 87428.0 88110.0 68869.0 73433.0 96284.0 66898.0 77189.0 
59136.0 66488.0 57724.0 84572.0 71209.0 73115.0 75192.0 71720.0 72904.0 66716.0 70150.0 78852.0 69630.0 90142.0 71580.0 68596.0 77294.0 82985.0 86277.0 83012.0 70411.0 71059.0 79249.0 67807.0 62291.0 79628.0 88697.0 71414.0 71926.0 75384.0 59140.0 66734.0 
61641.0 78322.0 52668.0 81760.0 81526.0 68013.0 89268.0 69941.0 77574.0 63833.0 65995.0 86477.0 67501.0 92129.0 73044.0 63298.0 78330.0 87940.0 77632.0 83901.0 63183.0 59274.0 79821.0 74259.0 70990.0 69398.0 90510.0 85498.0 71393.0 80721.0 56354.0 74647.0 
