64 64
163666.0 158103.0 141938.0 177767.0 170641.0 181411.0 165268.0 158395.0 160547.0 163208.0 154093.0 153721.0 161172.0 183688.0 164819.0 178214.0 167385.0 168305.0 169318.0 172889.0 175078.0 172681.0 165036.0 176150.0 192239.0 153732.0 164132.0 139125.0 154905.0 169859.0 174202.0 172726.0 149351.0 151511.0 156291.0 168103.0 149141.0 171082.0 149382.0 155393.0 170397.0 155688.0 153905.0 168681.0 146284.0 149880.0 158340.0 183798.0 173251.0 182568.0 161927.0 171317.0 173193.0 156272.0 172611.0 170921.0 159830.0 162140.0 146524.0 189914.0 158639.0 175303.0 179664.0 180109.0 
150944.0 149320.0 129722.0 158815.0 155436.0 178379.0 149882.0 149927.0 175906.0 150945.0 153420.0 148722.0 159494.0 172531.0 145202.0 166747.0 150535.0 156578.0 153889.0 164557.0 163730.0 155988.0 157792.0 166643.0 177773.0 130473.0 157228.0 134119.0 160908.0 159045.0 163321.0 151011.0 142097.0 153229.0 135862.0 163338.0 157273.0 173834.0 155063.0 152059.0 153335.0 155211.0 145023.0 155913.0 143070.0 142068.0 155663.0 164442.0 177762.0 162794.0 149886.0 170833.0 160158.0 145484.0 160754.0 162469.0 137028.0 156452.0 139548.0 163243.0 137359.0 155085.0 169343.0 162879.0 
184584.0 179806.0 158241.0 180347.0 186454.0 201678.0 171736.0 187633.0 187685.0 157489.0 184622.0 180253.0 184278.0 186661.0 174418.0 194767.0 173727.0 177779.0 179430.0 193281.0 174024.0 179689.0 180108.0 190718.0 201438.0 159946.0 170492.0 151386.0 178265.0 179850.0 180338.0 175235.0 154470.0 186788.0 170642.0 190804.0 183177.0 204071.0 169411.0 166891.0 176126.0 170672.0 168055.0 175415.0 165101.0 163283.0 166956.0 189769.0 195453.0 203301.0 173476.0 198456.0 182440.0 178803.0 167424.0 185012.0 162404.0 156092.0 149721.0 191481.0 180116.0 167065.0 209817.0 189533.0 
146172.0 140220.0 128637.0 155504.0 157184.0 160648.0 150625.0 154436.0 152798.0 134461.0 140563.0 140590.0 145619.0 170957.0 147355.0 154047.0 138143.0 144870.0 141116.0 156032.0 145511.0 159005.0 153158.0 157242.0 166792.0 140964.0 136867.0 144704.0 136779.0 157050.0 163829.0 162339.0 130062.0 144275.0 140073.0 153156.0 144965.0 156229.0 150068.0 134945.0 152362.0 148309.0 136347.0 142616.0 141884.0 145051.0 144287.0 167625.0 162846.0 162402.0 142794.0 148927.0 148371.0 141668.0 133387.0 150887.0 143137.0 140397.0 134459.0 160377.0 145741.0 164395.0 159107.0 168528.0 
167613.0 179039.0 141165.0 182335.0 186846.0 184867.0 154134.0 160784.0 177103.0 175719.0 181806.0 170928.0 164839.0 200887.0 175311.0 173143.0 170592.0 166640.0 176787.0 190016.0 170632.0 169658.0 168666.0 179617.0 197003.0 144131.0 170336.0 137761.0 169124.0 170237.0 196782.0 181387.0 163128.0 167161.0 159262.0 171672.0 156481.0 189650.0 161951.0 154074.0 170850.0 168971.0 166266.0 167865.0 150917.0 140141.0 171888.0 172623.0 176554.0 182752.0 171783.0 182181.0 161464.0 168217.0 176333.0 174927.0 162465.0 163606.0 151605.0 188586.0 154501.0 184883.0 185236.0 188754.0 
147494.0 145516.0 136587.0 167513.0 151223.0 167920.0 149638.0 139983.0 153799.0 155479.0 152560.0 128836.0 147491.0 161553.0 136016.0 172012.0 152296.0 149680.0 152118.0 164581.0 154621.0 147058.0 153824.0 154740.0 162529.0 140168.0 144906.0 135943.0 160655.0 152904.0 158374.0 161275.0 138585.0 150874.0 140070.0 164603.0 144051.0 162170.0 137520.0 142361.0 146085.0 142888.0 142499.0 152114.0 124778.0 133040.0 139710.0 167061.0 163721.0 157669.0 141817.0 164501.0 156632.0 143010.0 141904.0 169801.0 147316.0 158657.0 127460.0 164242.0 141910.0 151109.0 176741.0 169317.0 
160533.0 150091.0 122947.0 169295.0 177540.0 170913.0 148795.0 157781.0 166694.0 161449.0 156832.0 160018.0 152950.0 173059.0 155170.0 175072.0 151829.0 162298.0 160896.0 187387.0 176080.0 160543.0 156203.0 178010.0 169329.0 149547.0 162475.0 141634.0 151255.0 155333.0 178796.0 176796.0 131099.0 147347.0 142464.0 160498.0 151638.0 179834.0 156867.0 147074.0 164802.0 167560.0 136694.0 162067.0 143771.0 141940.0 154888.0 166646.0 170003.0 172982.0 160097.0 173415.0 161761.0 165505.0 163599.0 174492.0 158151.0 148188.0 154561.0 165251.0 157727.0 166589.0 180208.0 168681.0 
170810.0 181411.0 154357.0 170750.0 182544.0 176786.0 163799.0 159381.0 173836.0 178252.0 164326.0 165976.0 162115.0 184739.0 164481.0 197748.0 170557.0 183434.0 173510.0 188521.0 177357.0 173570.0 169904.0 186561.0 186495.0 159442.0 176555.0 157701.0 169698.0 162316.0 185535.0 191693.0 145826.0 172261.0 165365.0 182075.0 156374.0 181355.0 159615.0 161037.0 187065.0 169518.0 159730.0 173738.0 149538.0 159590.0 165579.0 177272.0 184015.0 190704.0 166072.0 180911.0 177689.0 156542.0 174206.0 179130.0 164300.0 159349.0 142569.0 186126.0 173137.0 178553.0 193336.0 181595.0 
150412.0 162918.0 126969.0 156646.0 132009.0 161097.0 135960.0 144945.0 153001.0 137957.0 140410.0 140497.0 154966.0 158728.0 141653.0 161272.0 144266.0 141285.0 137732.0 150713.0 152019.0 153286.0 143463.0 152988.0 168892.0 135096.0 147081.0 117924.0 142566.0 150819.0 159033.0 160415.0 136211.0 139603.0 125107.0 155591.0 148475.0 159489.0 128550.0 137412.0 138699.0 142057.0 146178.0 140201.0 130333.0 136703.0 142436.0 160347.0 157179.0 162894.0 140379.0 148184.0 154631.0 129107.0 146276.0 147936.0 150914.0 147390.0 126463.0 164152.0 135191.0 155954.0 156715.0 157743.0 
155733.0 158004.0 135999.0 163482.0 170602.0 173687.0 147147.0 163205.0 164574.0 164636.0 165580.0 163075.0 144816.0 179199.0 165623.0 166036.0 165715.0 168706.0 165882.0 179319.0 165222.0 158915.0 161931.0 180761.0 189103.0 149612.0 161845.0 127330.0 166013.0 161168.0 172368.0 174514.0 137398.0 158792.0 147090.0 157538.0 151976.0 182564.0 149698.0 157047.0 156592.0 161813.0 141263.0 158065.0 148323.0 139495.0 160324.0 157289.0 174810.0 171649.0 165956.0 161500.0 155970.0 157892.0 160603.0 178714.0 153677.0 149086.0 150120.0 170815.0 151159.0 170388.0 175697.0 160796.0 
158856.0 162147.0 141590.0 171959.0 168078.0 189076.0 156573.0 168235.0 168042.0 159150.0 176475.0 172735.0 166068.0 181010.0 174452.0 161598.0 154010.0 166839.0 178785.0 173729.0 171460.0 153049.0 173664.0 163558.0 187546.0 143709.0 176137.0 151128.0 164988.0 165233.0 187996.0 178888.0 142004.0 165846.0 146736.0 163226.0 152345.0 182063.0 163763.0 167225.0 162556.0 161202.0 157756.0 160494.0 161368.0 154537.0 161703.0 167855.0 173713.0 175462.0 165390.0 157445.0 159233.0 160892.0 163985.0 179481.0 160245.0 170625.0 150410.0 185447.0 160456.0 174256.0 186784.0 181105.0 
137591.0 129882.0 118016.0 142114.0 147884.0 158824.0 138132.0 152630.0 145394.0 132039.0 140568.0 134695.0 143143.0 156140.0 148468.0 156262.0 138509.0 142335.0 138507.0 154340.0 147269.0 137726.0 151780.0 149581.0 163975.0 122602.0 145225.0 130003.0 147717.0 141917.0 153482.0 148669.0 119189.0 134476.0 133872.0 148862.0 141509.0 155420.0 133504.0 123827.0 150124.0 142248.0 127727.0 141470.0 132939.0 140133.0 133160.0 147792.0 157652.0 138913.0 137026.0 146917.0 143113.0 139477.0 139290.0 143444.0 137920.0 133702.0 119903.0 142249.0 142073.0 138430.0 157490.0 151742.0 
178659.0 183806.0 135234.0 177517.0 174493.0 171850.0 150328.0 161663.0 181618.0 173615.0 164102.0 162378.0 153604.0 184091.0 157186.0 183092.0 160659.0 164878.0 163415.0 179356.0 174488.0 148432.0 163033.0 175738.0 192060.0 149700.0 165146.0 141201.0 156448.0 161968.0 183888.0 180976.0 153496.0 173503.0 152452.0 173864.0 169965.0 178978.0 164876.0 146381.0 161505.0 169177.0 162138.0 173414.0 141582.0 152729.0 156878.0 175725.0 175113.0 182423.0 167479.0 196592.0 178587.0 158404.0 180170.0 188991.0 163022.0 168812.0 147184.0 180022.0 152813.0 176423.0 180969.0 187578.0 
142706.0 140744.0 120742.0 148978.0 151533.0 161129.0 136439.0 143237.0 153061.0 146494.0 147719.0 140666.0 148875.0 153536.0 143517.0 156067.0 143965.0 135433.0 157312.0 157948.0 160419.0 143184.0 150030.0 156729.0 169599.0 131589.0 141881.0 114170.0 149749.0 141698.0 150598.0 144541.0 129595.0 142191.0 147916.0 159959.0 132011.0 155950.0 124473.0 140158.0 137557.0 142218.0 139381.0 146162.0 118292.0 136586.0 151624.0 168820.0 151352.0 156575.0 153984.0 157928.0 136364.0 138694.0 157117.0 155476.0 139566.0 141061.0 127138.0 151348.0 137148.0 144391.0 168053.0 161184.0 
165192.0 174626.0 135424.0 173177.0 167408.0 172400.0 157144.0 167105.0 168829.0 156590.0 160120.0 153060.0 151039.0 188292.0 163090.0 170242.0 158605.0 169126.0 154118.0 182827.0 173292.0 166252.0 170009.0 177528.0 184304.0 155054.0 159433.0 133633.0 157168.0 167729.0 176192.0 186758.0 140923.0 153665.0 147143.0 173065.0 158554.0 174243.0 150154.0 153739.0 174378.0 165198.0 161844.0 159386.0 149296.0 153723.0 162166.0 170536.0 175909.0 180892.0 159307.0 175048.0 159634.0 154498.0 161072.0 178649.0 155479.0 156398.0 143857.0 180198.0 152224.0 168456.0 172972.0 178013.0 
159544.0 162801.0 120131.0 167721.0 173617.0 171516.0 147048.0 146216.0 171592.0 169277.0 159548.0 164488.0 170603.0 172227.0 156278.0 169854.0 161579.0 161815.0 165711.0 165939.0 164958.0 164912.0 156783.0 177572.0 169487.0 152516.0 153653.0 147614.0 156503.0 160635.0 183829.0 165597.0 152454.0 147768.0 144466.0 158194.0 154306.0 175565.0 152675.0 153759.0 154137.0 170085.0 152093.0 166504.0 140380.0 147754.0 161539.0 179929.0 159468.0 168769.0 162265.0 172936.0 164173.0 151193.0 169180.0 164111.0 154318.0 156800.0 150649.0 186463.0 140414.0 174706.0 176191.0 164806.0 
164339.0 177797.0 151741.0 170190.0 161619.0 171124.0 151727.0 166617.0 176045.0 165541.0 147505.0 150594.0 155385.0 171314.0 150903.0 165418.0 159755.0 157822.0 155954.0 169680.0 164698.0 167024.0 160935.0 162051.0 184596.0 145769.0 155261.0 143325.0 151923.0 159596.0 165937.0 167645.0 150021.0 162022.0 145338.0 166276.0 155743.0 163914.0 157226.0 141171.0 152885.0 161348.0 153788.0 175003.0 146396.0 141581.0 158875.0 175832.0 177125.0 179251.0 158794.0 168639.0 166723.0 146470.0 154845.0 174906.0 167196.0 167581.0 133976.0 177020.0 162643.0 178813.0 172004.0 178040.0 
160973.0 153032.0 145235.0 175633.0 158630.0 186041.0 146362.0 160734.0 164990.0 140425.0 146023.0 161318.0 162189.0 184704.0 162911.0 161818.0 161591.0 167615.0 164041.0 180405.0 165902.0 166987.0 157905.0 173811.0 182697.0 138278.0 163291.0 135670.0 156896.0 170673.0 166402.0 167304.0 137197.0 152169.0 163429.0 164891.0 156735.0 168513.0 148753.0 162600.0 166413.0 152684.0 156881.0 168202.0 148526.0 139949.0 153811.0 173514.0 176440.0 177187.0 155575.0 161266.0 156246.0 163962.0 159639.0 171083.0 148478.0 160347.0 153354.0 172944.0 171467.0 165787.0 178624.0 170740.0 
172796.0 187995.0 138574.0 196809.0 165253.0 188596.0 165996.0 170043.0 194013.0 174140.0 175079.0 167567.0 169215.0 188007.0 173905.0 191401.0 184884.0 165620.0 174125.0 188097.0 179041.0 177315.0 162452.0 174284.0 185616.0 151835.0 178061.0 153506.0 165900.0 178334.0 186892.0 182379.0 146149.0 168154.0 162472.0 178071.0 169888.0 194723.0 163561.0 170680.0 166190.0 169451.0 165479.0 181105.0 165388.0 153330.0 164996.0 183400.0 190269.0 176734.0 162716.0 193400.0 175453.0 166905.0 183548.0 191845.0 165399.0 167313.0 157383.0 180964.0 157547.0 191820.0 190426.0 178309.0 
155816.0 158793.0 138393.0 163702.0 169432.0 164668.0 150875.0 150356.0 163565.0 154480.0 152637.0 156704.0 159178.0 177200.0 161063.0 177083.0 161830.0 165981.0 147436.0 177799.0 170652.0 166481.0 161719.0 183837.0 176622.0 148994.0 154938.0 131418.0 154462.0 159382.0 166659.0 177490.0 134489.0 159035.0 146170.0 162937.0 151391.0 179509.0 147354.0 150607.0 158325.0 160770.0 142776.0 148481.0 145053.0 145584.0 149032.0 171893.0 165367.0 178100.0 151870.0 167769.0 166279.0 142105.0 162146.0 162599.0 154316.0 145308.0 147601.0 182321.0 149921.0 159270.0 183968.0 165647.0 
160738.0 153500.0 146072.0 170845.0 154726.0 168815.0 154120.0 149691.0 164174.0 151182.0 156893.0 152121.0 151774.0 162878.0 147615.0 149347.0 157613.0 163703.0 151883.0 164873.0 160810.0 155654.0 154497.0 159060.0 177681.0 143229.0 158453.0 125605.0 151159.0 151381.0 169002.0 166456.0 136832.0 150356.0 149195.0 144467.0 141496.0 164733.0 149755.0 160083.0 152267.0 166791.0 147028.0 161041.0 147626.0 129656.0 147240.0 163246.0 160919.0 169687.0 151929.0 157645.0 154955.0 144005.0 150492.0 170506.0 140097.0 165907.0 140698.0 168558.0 147467.0 160959.0 173889.0 169044.0 
147813.0 137183.0 131781.0 170073.0 148082.0 164853.0 131198.0 142466.0 154007.0 144810.0 146367.0 159161.0 160019.0 168714.0 146738.0 163277.0 147909.0 150814.0 146976.0 156862.0 152345.0 149096.0 143939.0 159318.0 173691.0 131481.0 158009.0 133044.0 145898.0 154596.0 164229.0 158797.0 128162.0 139682.0 137532.0 143781.0 147392.0 162351.0 146390.0 147084.0 148269.0 162387.0 140696.0 148051.0 120560.0 130325.0 143308.0 165594.0 149152.0 159247.0 150376.0 159567.0 137320.0 144247.0 158311.0 173280.0 145812.0 152775.0 147605.0 146295.0 127758.0 154010.0 149701.0 161304.0 
171471.0 168602.0 142979.0 176273.0 171567.0 188050.0 164640.0 159635.0 169977.0 151699.0 154023.0 154857.0 154728.0 175920.0 158059.0 183694.0 165086.0 165991.0 152776.0 179230.0 169874.0 160986.0 162365.0 179580.0 189774.0 152299.0 168403.0 144061.0 164484.0 175611.0 174395.0 171366.0 133017.0 166647.0 162925.0 178063.0 163040.0 173379.0 155292.0 156171.0 169301.0 164793.0 159547.0 164970.0 146606.0 149551.0 149759.0 175588.0 185553.0 185130.0 162252.0 177809.0 165524.0 160678.0 164754.0 179342.0 148999.0 159415.0 143623.0 179346.0 157753.0 172266.0 175557.0 177742.0 
146871.0 138121.0 127460.0 145797.0 152563.0 160321.0 145867.0 145097.0 135561.0 142930.0 156283.0 153039.0 149944.0 156247.0 150800.0 156241.0 140846.0 157728.0 151624.0 147986.0 153661.0 136899.0 151876.0 152018.0 169788.0 139062.0 153361.0 129455.0 132674.0 136485.0 164938.0 146199.0 134566.0 134876.0 134992.0 141798.0 135325.0 166152.0 146016.0 137068.0 152640.0 147485.0 130200.0 143224.0 134477.0 134617.0 130014.0 157898.0 154755.0 166619.0 161116.0 155476.0 156789.0 147917.0 149124.0 158422.0 142312.0 137055.0 129948.0 157037.0 144281.0 132698.0 166121.0 160188.0 
160703.0 166683.0 138746.0 172980.0 168107.0 179710.0 147107.0 164761.0 163460.0 150419.0 164763.0 162499.0 172750.0 174838.0 169449.0 181166.0 163111.0 158607.0 154113.0 175721.0 160448.0 153546.0 161692.0 171193.0 182733.0 147091.0 163631.0 145876.0 165173.0 172301.0 183110.0 170667.0 126266.0 161102.0 152923.0 173386.0 161129.0 184484.0 159426.0 143357.0 151640.0 171405.0 151465.0 157622.0 151366.0 157177.0 158433.0 183766.0 175680.0 174128.0 161218.0 173618.0 151936.0 153690.0 169842.0 178967.0 153281.0 149575.0 156610.0 178846.0 156984.0 167041.0 174257.0 157688.0 
155652.0 159564.0 143788.0 145626.0 162401.0 179361.0 137520.0 158142.0 177541.0 152656.0 151782.0 154434.0 135630.0 157506.0 138861.0 140503.0 130246.0 156719.0 152955.0 146745.0 157874.0 145745.0 146550.0 158383.0 173167.0 125844.0 159986.0 124237.0 146048.0 154916.0 165047.0 148123.0 139319.0 150628.0 129850.0 145677.0 143601.0 151924.0 151841.0 145716.0 150884.0 159064.0 140520.0 141625.0 151642.0 144014.0 148800.0 158716.0 158321.0 178632.0 142998.0 153829.0 157038.0 132638.0 151500.0 150579.0 148712.0 157902.0 126732.0 174415.0 147638.0 158563.0 166986.0 168718.0 
145526.0 138464.0 131154.0 150750.0 148405.0 146437.0 131757.0 139931.0 139251.0 129605.0 136449.0 124718.0 140311.0 170881.0 145688.0 143841.0 134424.0 139172.0 142980.0 144715.0 136736.0 148893.0 148155.0 150012.0 163666.0 138199.0 140255.0 127997.0 138638.0 132849.0 154683.0 160423.0 133870.0 135124.0 133749.0 143481.0 130490.0 146501.0 138677.0 119495.0 143217.0 143691.0 139596.0 143179.0 129483.0 127730.0 130102.0 150440.0 148541.0 150166.0 141995.0 139375.0 145825.0 140787.0 141544.0 144481.0 130660.0 149302.0 120669.0 164720.0 144728.0 156941.0 159267.0 156638.0 
157945.0 160993.0 121974.0 150908.0 157098.0 168693.0 150087.0 151339.0 168020.0 159392.0 150792.0 151540.0 139137.0 169679.0 160647.0 163441.0 159114.0 157702.0 164556.0 170153.0 168963.0 160441.0 165378.0 158890.0 177682.0 133714.0 157157.0 131287.0 152242.0 150804.0 181266.0 172913.0 131457.0 144857.0 142147.0 157729.0 142434.0 168982.0 150105.0 150814.0 163157.0 151898.0 153255.0 154790.0 143418.0 149629.0 149672.0 156108.0 174717.0 172354.0 160119.0 161379.0 152442.0 151734.0 158967.0 168772.0 159617.0 141348.0 138812.0 171508.0 142470.0 161696.0 171217.0 167543.0 
164555.0 162387.0 144977.0 170169.0 174810.0 179688.0 144632.0 148946.0 165649.0 157651.0 154277.0 147552.0 155451.0 169674.0 145327.0 163285.0 146341.0 156220.0 164814.0 159190.0 161277.0 165197.0 165426.0 160074.0 177859.0 148412.0 152390.0 139174.0 143782.0 154782.0 175520.0 180807.0 146095.0 148053.0 143107.0 158778.0 141568.0 165140.0 151153.0 137485.0 148347.0 152804.0 139614.0 153029.0 138917.0 145826.0 147668.0 171681.0 155259.0 181025.0 157963.0 161510.0 167716.0 153447.0 150176.0 162090.0 168033.0 163951.0 127211.0 179134.0 165826.0 153228.0 177755.0 174664.0 
157730.0 167032.0 147466.0 165441.0 166888.0 169662.0 152601.0 167716.0 170352.0 157993.0 150816.0 148094.0 154000.0 184620.0 162075.0 173493.0 163954.0 159329.0 162505.0 179437.0 167413.0 159085.0 162433.0 172469.0 196097.0 143514.0 158516.0 138907.0 160803.0 161147.0 176726.0 171627.0 134592.0 157678.0 156778.0 162339.0 156152.0 166053.0 152838.0 156323.0 161407.0 154220.0 152731.0 170750.0 143464.0 148008.0 167964.0 181335.0 179857.0 178072.0 164686.0 173411.0 163401.0 150722.0 162223.0 179560.0 161875.0 167874.0 143201.0 190347.0 173237.0 172066.0 184967.0 179132.0 
151703.0 155741.0 121138.0 142611.0 169237.0 150969.0 145590.0 141463.0 151406.0 147155.0 142214.0 156308.0 144652.0 159031.0 150306.0 165088.0 150143.0 153230.0 152438.0 150237.0 155596.0 147058.0 148080.0 156626.0 169280.0 134250.0 141783.0 135817.0 135613.0 146582.0 172794.0 159927.0 133665.0 143955.0 128503.0 149115.0 145236.0 155279.0 141118.0 131468.0 146061.0 150066.0 136926.0 146134.0 143181.0 142829.0 141079.0 157305.0 164269.0 166273.0 147463.0 156985.0 147486.0 146447.0 140304.0 148713.0 144610.0 136596.0 136324.0 174167.0 148644.0 161723.0 165182.0 163181.0 
136450.0 133800.0 111026.0 132189.0 121450.0 144647.0 122889.0 125171.0 134758.0 116694.0 125664.0 123522.0 134915.0 156894.0 129453.0 134353.0 122342.0 128480.0 128969.0 142981.0 137990.0 143371.0 137379.0 141460.0 152330.0 115966.0 128206.0 114867.0 127637.0 124872.0 151807.0 141845.0 118493.0 124253.0 111713.0 141629.0 129130.0 142682.0 120668.0 121283.0 142505.0 132594.0 127734.0 126555.0 123305.0 121489.0 125385.0 135032.0 136886.0 152992.0 129498.0 140884.0 136457.0 129956.0 137336.0 129412.0 126392.0 128129.0 125114.0 156210.0 121515.0 136092.0 136320.0 135500.0 
166228.0 163892.0 132810.0 156243.0 169385.0 161369.0 153985.0 160143.0 154412.0 166508.0 157667.0 164222.0 150106.0 181695.0 169602.0 171392.0 148330.0 160069.0 166144.0 168291.0 164935.0 151621.0 154689.0 169561.0 189377.0 139846.0 169214.0 139958.0 160397.0 162271.0 183531.0 159142.0 133386.0 148068.0 151436.0 153442.0 159276.0 154375.0 151045.0 158838.0 179298.0 161331.0 137701.0 161259.0 136512.0 142146.0 168566.0 176390.0 172701.0 182336.0 162176.0 163115.0 159341.0 163343.0 161693.0 176449.0 157542.0 159016.0 141084.0 171157.0 152870.0 184721.0 177489.0 166027.0 
137173.0 148974.0 121441.0 153636.0 161151.0 158696.0 138233.0 135168.0 153751.0 149567.0 143270.0 158678.0 160337.0 172844.0 142473.0 165370.0 148269.0 156277.0 151463.0 152021.0 149962.0 161277.0 148276.0 163598.0 173515.0 133657.0 140296.0 130455.0 145089.0 148448.0 148800.0 154934.0 137668.0 139663.0 147934.0 152214.0 152179.0 162845.0 137824.0 148820.0 148627.0 139662.0 144435.0 150904.0 129315.0 146278.0 155941.0 171238.0 150295.0 162493.0 143339.0 166082.0 150147.0 135343.0 157015.0 147602.0 142172.0 139631.0 138304.0 175694.0 140938.0 158572.0 170365.0 163642.0 
193026.0 179797.0 153020.0 177608.0 201886.0 194448.0 172241.0 175115.0 192190.0 186706.0 177881.0 182746.0 180903.0 190586.0 179102.0 208502.0 175888.0 187416.0 185884.0 191549.0 195510.0 184256.0 186545.0 197485.0 205356.0 163496.0 183380.0 147915.0 183064.0 180769.0 195890.0 190208.0 158813.0 167612.0 161516.0 183088.0 177066.0 191397.0 169836.0 169196.0 184602.0 184802.0 170913.0 186365.0 151700.0 175777.0 182412.0 201250.0 196777.0 201827.0 180552.0 195980.0 179151.0 175203.0 189677.0 193783.0 188073.0 180285.0 163128.0 196937.0 172747.0 184071.0 213919.0 197139.0 
161353.0 158445.0 143353.0 164041.0 162929.0 175923.0 144355.0 157692.0 175785.0 154534.0 162309.0 165662.0 151463.0 170107.0 160257.0 166129.0 154897.0 171293.0 157112.0 163960.0 156932.0 154343.0 159198.0 162050.0 191054.0 141698.0 163318.0 125111.0 154691.0 161846.0 169619.0 166306.0 135980.0 157039.0 142816.0 144901.0 150531.0 169558.0 155475.0 156837.0 145225.0 161956.0 157622.0 162556.0 150425.0 143311.0 158480.0 169086.0 165868.0 171929.0 156044.0 175566.0 159759.0 142458.0 175821.0 175877.0 153139.0 158830.0 142277.0 177810.0 151831.0 164898.0 165661.0 167739.0 
145854.0 149249.0 131351.0 164227.0 159191.0 177239.0 149180.0 157732.0 160207.0 145872.0 147167.0 150107.0 141348.0 176169.0 140069.0 155185.0 149913.0 155366.0 146216.0 165441.0 161049.0 159505.0 150134.0 171495.0 177730.0 146831.0 149153.0 122271.0 144979.0 153945.0 161048.0 162776.0 135421.0 146760.0 148528.0 157310.0 143941.0 163108.0 141347.0 154765.0 149821.0 156275.0 144345.0 149319.0 136227.0 127010.0 144374.0 166816.0 156403.0 161697.0 152680.0 154249.0 144927.0 144044.0 158372.0 158605.0 141842.0 149123.0 143906.0 163155.0 147716.0 159148.0 164455.0 155615.0 
162834.0 170680.0 135351.0 173689.0 173736.0 184102.0 159099.0 174388.0 174703.0 154575.0 163612.0 171411.0 174386.0 182648.0 157146.0 179068.0 166717.0 158499.0 163079.0 181216.0 170903.0 165776.0 170115.0 176415.0 193682.0 153598.0 162449.0 143160.0 156563.0 172529.0 179465.0 171766.0 153361.0 159061.0 156961.0 172412.0 166440.0 177733.0 161529.0 153540.0 165823.0 156130.0 163198.0 152821.0 138937.0 146580.0 165244.0 183883.0 182509.0 168671.0 165642.0 173690.0 160919.0 157716.0 173283.0 174713.0 158978.0 158579.0 145828.0 166917.0 161055.0 171549.0 182137.0 181466.0 
147644.0 170310.0 148468.0 169957.0 156752.0 170064.0 153891.0 140334.0 166054.0 147447.0 156514.0 151962.0 148282.0 162104.0 149362.0 166513.0 156579.0 160114.0 150130.0 170592.0 162297.0 166520.0 148128.0 159383.0 180484.0 147466.0 158993.0 135602.0 146874.0 164459.0 167311.0 167985.0 139034.0 163413.0 144018.0 163261.0 140570.0 171051.0 151034.0 148933.0 151672.0 143580.0 165278.0 152389.0 131157.0 130391.0 142405.0 167846.0 169254.0 177566.0 153011.0 170280.0 154500.0 146989.0 163699.0 171479.0 154709.0 153768.0 143003.0 171344.0 145275.0 165639.0 177619.0 177991.0 
158752.0 149189.0 148024.0 166492.0 171402.0 177814.0 162615.0 157840.0 168732.0 161211.0 148156.0 162061.0 161351.0 178427.0 165446.0 182660.0 162279.0 168432.0 160901.0 177649.0 181689.0 175509.0 179241.0 177771.0 192050.0 156211.0 168368.0 139913.0 161785.0 168264.0 167142.0 176008.0 147590.0 141467.0 146698.0 170698.0 158670.0 164571.0 143423.0 158212.0 175654.0 158614.0 145397.0 155372.0 133580.0 150205.0 169980.0 171752.0 180137.0 181393.0 166588.0 167904.0 158943.0 163694.0 152972.0 171189.0 157654.0 160882.0 143055.0 170061.0 162321.0 160328.0 180565.0 183980.0 
173785.0 171188.0 142240.0 175569.0 170141.0 185504.0 158863.0 160848.0 174834.0 166344.0 155517.0 166154.0 160546.0 174628.0 168521.0 173369.0 175955.0 167883.0 166311.0 167341.0 172857.0 169958.0 161781.0 156867.0 191999.0 154339.0 170186.0 136616.0 147235.0 163516.0 181051.0 177070.0 145055.0 161522.0 163020.0 163678.0 156014.0 177953.0 150511.0 156173.0 151646.0 156007.0 168604.0 174010.0 158025.0 152078.0 152156.0 181153.0 177482.0 184076.0 170850.0 179121.0 164567.0 165069.0 166674.0 172057.0 164405.0 157604.0 142992.0 181348.0 160668.0 169408.0 179857.0 175658.0 
166859.0 162181.0 130508.0 179224.0 164740.0 191170.0 151617.0 169768.0 165000.0 143899.0 162494.0 161222.0 154315.0 175651.0 182285.0 156947.0 159705.0 163489.0 168370.0 174284.0 162466.0 165936.0 152957.0 171005.0 184119.0 146829.0 166436.0 134045.0 146940.0 161866.0 170533.0 156456.0 140665.0 155598.0 161224.0 164715.0 148762.0 183777.0 150110.0 143854.0 156949.0 158548.0 153444.0 156609.0 156251.0 156534.0 146952.0 172733.0 161703.0 182101.0 147925.0 161014.0 154739.0 154199.0 167790.0 159816.0 131334.0 137061.0 147312.0 171997.0 157270.0 165233.0 174442.0 157386.0 
181788.0 168121.0 130403.0 177739.0 174306.0 172139.0 160513.0 158700.0 177740.0 164761.0 157903.0 169241.0 164000.0 168447.0 163250.0 164218.0 163738.0 162899.0 160102.0 181366.0 167522.0 168011.0 162629.0 161611.0 189001.0 151631.0 159861.0 130406.0 147232.0 163734.0 182369.0 169513.0 156042.0 159781.0 159191.0 164438.0 158290.0 168638.0 152910.0 149778.0 163494.0 169474.0 163746.0 171148.0 148077.0 146632.0 162671.0 173728.0 171611.0 184087.0 153004.0 175916.0 166732.0 158939.0 174838.0 179030.0 156258.0 160370.0 141480.0 183548.0 160211.0 169770.0 181681.0 180477.0 
162372.0 169200.0 133697.0 161238.0 153232.0 165957.0 124247.0 143651.0 170203.0 140786.0 151639.0 152173.0 153618.0 166352.0 142189.0 149882.0 131382.0 134362.0 139793.0 148793.0 147579.0 149605.0 143591.0 149711.0 172530.0 126202.0 158008.0 120009.0 140914.0 144853.0 162809.0 168793.0 133028.0 141756.0 131074.0 148173.0 142189.0 166009.0 149041.0 142696.0 146756.0 160918.0 149779.0 147819.0 134584.0 138019.0 146965.0 150922.0 153983.0 162554.0 137609.0 156894.0 145826.0 140311.0 152239.0 159842.0 144813.0 136714.0 125431.0 164199.0 127417.0 158545.0 157426.0 161459.0 
144736.0 155299.0 131990.0 156977.0 149115.0 165897.0 141286.0 158719.0 160237.0 130150.0 146192.0 142099.0 144630.0 168236.0 132565.0 164893.0 155903.0 148775.0 153097.0 165985.0 158558.0 162518.0 148364.0 165579.0 153078.0 141580.0 150981.0 119172.0 153989.0 139860.0 153990.0 160665.0 126894.0 150142.0 137386.0 160913.0 134224.0 171781.0 162262.0 133459.0 147787.0 156971.0 137060.0 145500.0 144691.0 144109.0 134372.0 159430.0 169551.0 164633.0 135142.0 153827.0 142357.0 128341.0 148911.0 158535.0 150029.0 155185.0 138770.0 157263.0 139155.0 141724.0 177102.0 173929.0 
145976.0 157051.0 118905.0 142560.0 147404.0 148937.0 136341.0 146642.0 147431.0 132139.0 140379.0 148362.0 144211.0 149330.0 146031.0 163944.0 147795.0 145664.0 144559.0 156512.0 152750.0 146864.0 141674.0 150123.0 165495.0 129146.0 140829.0 120010.0 142195.0 137582.0 155511.0 150310.0 115462.0 138933.0 129611.0 144278.0 131768.0 148960.0 136169.0 132249.0 145508.0 149913.0 126081.0 143789.0 129379.0 130192.0 148502.0 154946.0 160605.0 162765.0 134404.0 157374.0 135433.0 127039.0 150562.0 154004.0 137672.0 134008.0 130164.0 152345.0 140893.0 156367.0 165038.0 151768.0 
150176.0 158178.0 148036.0 174513.0 170586.0 184019.0 158328.0 168776.0 161309.0 155470.0 171257.0 162937.0 153303.0 181461.0 155053.0 178401.0 153757.0 155613.0 164475.0 189745.0 170123.0 157316.0 168757.0 183883.0 194370.0 154460.0 168152.0 130692.0 157861.0 168918.0 174791.0 179933.0 137383.0 171563.0 153537.0 166357.0 163277.0 192190.0 155223.0 163273.0 164114.0 159765.0 145866.0 149676.0 149473.0 138084.0 154822.0 175000.0 179540.0 188795.0 165735.0 172154.0 171729.0 164202.0 164917.0 179073.0 163582.0 160350.0 145865.0 176055.0 163630.0 158043.0 186230.0 180332.0 
162287.0 162324.0 134799.0 159771.0 162609.0 170255.0 148838.0 154833.0 172321.0 150561.0 152515.0 145005.0 161471.0 175119.0 145130.0 163666.0 158098.0 150933.0 166518.0 172159.0 164467.0 167789.0 166714.0 168847.0 175134.0 139245.0 141962.0 134282.0 149922.0 156794.0 163419.0 163949.0 138811.0 145190.0 148110.0 173077.0 150063.0 163288.0 150645.0 149023.0 154433.0 161127.0 140266.0 165584.0 143770.0 141197.0 168931.0 177269.0 173730.0 171921.0 150941.0 172300.0 147718.0 154470.0 154433.0 168812.0 156017.0 157817.0 142718.0 172523.0 151153.0 152217.0 179603.0 165726.0 
157319.0 142680.0 130099.0 159178.0 167967.0 161542.0 153416.0 151753.0 145042.0 137925.0 143845.0 149562.0 152238.0 183845.0 154350.0 167903.0 150605.0 154366.0 142507.0 170050.0 156598.0 160589.0 156789.0 170496.0 177374.0 143255.0 150445.0 134079.0 151851.0 161660.0 172287.0 160874.0 133429.0 155851.0 150928.0 158335.0 152151.0 157796.0 148627.0 140641.0 168018.0 151215.0 142379.0 150605.0 149779.0 136875.0 140486.0 176218.0 172112.0 180836.0 146612.0 151310.0 156196.0 155994.0 159853.0 158456.0 146219.0 150868.0 148077.0 182956.0 156110.0 172392.0 188280.0 167746.0 
154929.0 154750.0 118766.0 149477.0 153842.0 158981.0 136805.0 141708.0 154065.0 136611.0 140949.0 144583.0 145503.0 163155.0 146856.0 149898.0 152424.0 149246.0 145699.0 161375.0 155000.0 162037.0 145595.0 149404.0 166163.0 135870.0 140085.0 114075.0 139676.0 138189.0 161189.0 155879.0 139730.0 128204.0 142387.0 142649.0 135614.0 145862.0 137827.0 148330.0 159385.0 142105.0 154996.0 150124.0 127186.0 124250.0 154577.0 154038.0 150847.0 168795.0 142975.0 150849.0 137191.0 147793.0 150596.0 146377.0 136359.0 143646.0 131203.0 160390.0 135928.0 162819.0 161307.0 165999.0 
151712.0 163407.0 132109.0 160738.0 145695.0 168462.0 154858.0 152887.0 161460.0 134847.0 156336.0 160877.0 150867.0 162942.0 138990.0 151002.0 150073.0 160595.0 150270.0 170917.0 154143.0 162107.0 151317.0 154803.0 174512.0 134079.0 153585.0 132349.0 141462.0 162143.0 163446.0 160322.0 125166.0 152704.0 143516.0 149587.0 153866.0 168016.0 153266.0 144260.0 155609.0 154780.0 145898.0 149921.0 141946.0 137112.0 144083.0 160172.0 171305.0 167827.0 144061.0 167845.0 148069.0 135270.0 143338.0 171212.0 147539.0 143989.0 137939.0 158387.0 144051.0 156250.0 157907.0 163947.0 
142813.0 155207.0 130970.0 157655.0 160333.0 170064.0 145341.0 152147.0 155170.0 148104.0 146561.0 144080.0 150182.0 155274.0 144343.0 162503.0 148320.0 165033.0 153107.0 166529.0 172518.0 144377.0 154796.0 166362.0 167155.0 139383.0 162222.0 130706.0 151329.0 146826.0 156951.0 158387.0 125001.0 146946.0 136911.0 160817.0 142799.0 167005.0 146046.0 138764.0 150467.0 161922.0 141032.0 149533.0 139485.0 152221.0 140531.0 158039.0 159156.0 169015.0 147085.0 160791.0 155808.0 139884.0 161264.0 168304.0 133355.0 149949.0 129541.0 160191.0 157351.0 143087.0 176466.0 160892.0 
151242.0 147074.0 118933.0 153966.0 148122.0 156727.0 126442.0 135896.0 156586.0 138191.0 146319.0 146584.0 142667.0 142837.0 149556.0 149259.0 151155.0 149692.0 146824.0 155988.0 137429.0 149316.0 128826.0 157004.0 157269.0 124098.0 147420.0 124866.0 138076.0 139854.0 156395.0 148667.0 126791.0 133591.0 141907.0 141719.0 129338.0 168995.0 146002.0 122907.0 136518.0 156267.0 134355.0 137449.0 132215.0 134614.0 137678.0 139933.0 143290.0 153545.0 132516.0 142130.0 138373.0 122719.0 144179.0 141323.0 139586.0 128710.0 127984.0 150971.0 128611.0 149319.0 148635.0 149203.0 
137832.0 151187.0 132968.0 150221.0 159875.0 164442.0 134595.0 143000.0 150038.0 150383.0 144227.0 144844.0 136183.0 167500.0 143108.0 139940.0 139028.0 153789.0 157127.0 156946.0 153053.0 153096.0 146705.0 162523.0 165019.0 129428.0 152920.0 122161.0 142389.0 149645.0 156107.0 150955.0 130868.0 131948.0 128065.0 136078.0 134672.0 162162.0 137750.0 143821.0 143363.0 153542.0 127164.0 142255.0 149623.0 137035.0 155420.0 148575.0 149325.0 172954.0 146388.0 159021.0 150077.0 141953.0 138338.0 152988.0 141101.0 146059.0 125626.0 174374.0 152710.0 148150.0 163451.0 154288.0 
146860.0 166323.0 141687.0 162001.0 157796.0 159189.0 138224.0 146318.0 164684.0 154787.0 150178.0 157005.0 148721.0 151954.0 147880.0 176379.0 157840.0 141749.0 145268.0 154186.0 156821.0 152670.0 146136.0 160066.0 179700.0 142300.0 161974.0 117856.0 150424.0 146557.0 151967.0 157700.0 133961.0 142187.0 139820.0 149491.0 144835.0 163720.0 139029.0 141985.0 146352.0 152226.0 143421.0 142336.0 130307.0 126908.0 153943.0 153144.0 163854.0 167647.0 152244.0 164710.0 151389.0 150833.0 158514.0 164432.0 156293.0 149985.0 120747.0 167255.0 155551.0 158780.0 165695.0 167550.0 
170375.0 160602.0 142735.0 165959.0 173084.0 184682.0 162194.0 153675.0 172552.0 157675.0 155498.0 157013.0 156852.0 177477.0 155693.0 165592.0 151018.0 163777.0 156954.0 180821.0 162664.0 165247.0 159572.0 165501.0 189911.0 136168.0 157264.0 145078.0 151765.0 167169.0 185286.0 172276.0 149199.0 149431.0 151568.0 178218.0 152420.0 164002.0 153882.0 153537.0 169533.0 165998.0 160607.0 165858.0 143714.0 141831.0 152193.0 166148.0 173071.0 181201.0 154726.0 167743.0 165891.0 167304.0 154168.0 168157.0 166119.0 146192.0 142954.0 174054.0 156489.0 168420.0 176679.0 178577.0 
154566.0 162950.0 137371.0 167271.0 166874.0 166536.0 155835.0 139698.0 155795.0 141411.0 151248.0 152901.0 146639.0 160549.0 146622.0 160688.0 165054.0 157058.0 153645.0 167506.0 160312.0 168459.0 148711.0 157508.0 183497.0 144722.0 153951.0 126486.0 146709.0 154120.0 159876.0 160890.0 123417.0 146019.0 162280.0 157026.0 138093.0 167782.0 150495.0 147955.0 147327.0 152130.0 145608.0 153133.0 137622.0 132092.0 146099.0 170790.0 171466.0 180640.0 154152.0 162243.0 142450.0 140152.0 156587.0 170673.0 147671.0 148795.0 142197.0 167803.0 150176.0 158910.0 171477.0 160786.0 
157254.0 151287.0 135074.0 166016.0 165011.0 172511.0 143551.0 160293.0 161799.0 144926.0 152337.0 154486.0 149666.0 171442.0 145556.0 166146.0 145594.0 143105.0 153093.0 170942.0 162335.0 155327.0 163926.0 165697.0 173938.0 141232.0 151116.0 125973.0 148990.0 164622.0 157974.0 167346.0 140715.0 162073.0 133374.0 161478.0 157011.0 177133.0 143567.0 146501.0 146555.0 146063.0 136431.0 145881.0 143874.0 142925.0 151207.0 165552.0 168360.0 176936.0 153198.0 163606.0 158074.0 152235.0 153275.0 175404.0 158133.0 156628.0 133836.0 167135.0 159136.0 149110.0 179611.0 172111.0 
144716.0 146777.0 129958.0 163686.0 160685.0 167084.0 139833.0 135875.0 143752.0 130273.0 146353.0 135366.0 136939.0 157963.0 128055.0 153317.0 141248.0 146585.0 146272.0 148477.0 148386.0 160216.0 147787.0 152010.0 156893.0 137918.0 133891.0 116780.0 129183.0 152998.0 141878.0 169754.0 132934.0 131930.0 137223.0 150071.0 126431.0 153047.0 139222.0 131921.0 138419.0 139637.0 125929.0 123996.0 129546.0 119786.0 133038.0 155655.0 150807.0 162246.0 129113.0 139648.0 140514.0 131648.0 137221.0 142002.0 144506.0 151352.0 120710.0 158918.0 133816.0 146535.0 162028.0 159414.0 
165989.0 157507.0 140355.0 162973.0 160007.0 180498.0 138667.0 154456.0 155995.0 152485.0 163229.0 154659.0 139329.0 175602.0 154712.0 168961.0 147367.0 158990.0 163004.0 163749.0 150613.0 142931.0 156277.0 162984.0 185404.0 128049.0 167006.0 133071.0 169860.0 166063.0 169083.0 166699.0 125443.0 155702.0 159214.0 164046.0 151113.0 161275.0 145505.0 147888.0 163926.0 161382.0 141533.0 162666.0 135512.0 134293.0 146719.0 168030.0 172739.0 167370.0 158091.0 170299.0 152214.0 154865.0 159603.0 161682.0 155467.0 160199.0 138612.0 159725.0 131611.0 161697.0 162954.0 161682.0 
168259.0 171975.0 152438.0 174467.0 167172.0 192498.0 154561.0 157078.0 181191.0 168246.0 168192.0 152900.0 159598.0 173988.0 152950.0 173575.0 161389.0 173837.0 165147.0 166144.0 176931.0 158910.0 157056.0 167802.0 189529.0 155536.0 178603.0 144144.0 167678.0 165163.0 172918.0 174271.0 149048.0 172508.0 156506.0 172348.0 155276.0 180117.0 166380.0 161073.0 158571.0 169450.0 165223.0 179640.0 150535.0 154196.0 156798.0 174596.0 176988.0 178220.0 155799.0 181421.0 176036.0 154082.0 173901.0 183677.0 154141.0 162945.0 147848.0 180570.0 156973.0 171233.0 197786.0 169822.0 
160621.0 165218.0 138271.0 166952.0 159369.0 171786.0 141893.0 152525.0 166165.0 166980.0 154692.0 144577.0 157483.0 174699.0 172085.0 176215.0 165669.0 165110.0 166423.0 169222.0 160879.0 166788.0 161698.0 170433.0 171160.0 145034.0 162339.0 152033.0 162651.0 166356.0 181410.0 179020.0 133720.0 155290.0 153781.0 164372.0 152901.0 173024.0 152214.0 148245.0 168600.0 161423.0 155728.0 166368.0 156948.0 150759.0 162936.0 161228.0 177647.0 164916.0 148817.0 161491.0 158830.0 161849.0 161754.0 160666.0 154289.0 156548.0 144898.0 178130.0 153306.0 182501.0 175610.0 162203.0 
160308.0 167137.0 146036.0 165176.0 168358.0 177987.0 148414.0 161141.0 180709.0 154384.0 164844.0 154546.0 162858.0 182157.0 171690.0 180900.0 169733.0 183976.0 162741.0 178820.0 172107.0 171802.0 166886.0 175909.0 185212.0 149521.0 166193.0 144216.0 175564.0 160427.0 176434.0 167448.0 138173.0 153328.0 159263.0 163374.0 155163.0 168362.0 164482.0 150928.0 166751.0 173580.0 171406.0 164734.0 157871.0 146644.0 163104.0 175984.0 177833.0 181287.0 161053.0 180502.0 152308.0 151451.0 174724.0 175705.0 150851.0 163878.0 151333.0 187583.0 165365.0 182222.0 188595.0 174821.0 
183757.0 188546.0 154677.0 187559.0 187170.0 197177.0 168590.0 177377.0 186496.0 185092.0 174570.0 164391.0 162514.0 192343.0 179449.0 188990.0 178677.0 179467.0 182866.0 189435.0 191764.0 179691.0 174144.0 188876.0 197983.0 168415.0 181711.0 147135.0 174847.0 184788.0 185850.0 191200.0 164645.0 166274.0 168932.0 189092.0 173023.0 192265.0 162479.0 167430.0 163491.0 187605.0 169690.0 182073.0 155544.0 165100.0 177342.0 189599.0 196997.0 193866.0 174012.0 184394.0 178634.0 159840.0 168910.0 182489.0 164099.0 177705.0 163207.0 194403.0 161879.0 194823.0 198255.0 181965.0 
