all.SequentialMultiplication
4:6362800 412300 369500 396200 352000 345600 326500 350600 327000 338000 334300 351200 338200 325100 326900 399800 324600 330300 341400 319500 
8:8840000 471900 443900 456600 415400 415400 412100 398600 405300 429000 407000 415200 427400 350600 370300 340900 356700 366000 337400 334200 
16:19096400 900800 917500 850900 807800 876300 866700 830900 832100 799100 782700 772200 746200 865100 409400 448300 531000 572200 472800 384800 
32:15123000 850400 729400 784600 780300 751500 821200 726600 734400 685300 930300 869600 780600 679600 693800 666900 902900 862000 884100 693800 
64:27134300 1763400 1768100 1741600 1701700 1688600 1505900 1526200 1503500 1512000 1521700 1495600 1534300 1515100 1522300 1512200 1677800 1627000 1729700 1636600 
128:31656900 8167700 6362700 5638400 5596600 6215800 4021300 3567300 3615000 3577400 3482100 3511100 3478300 3516500 3546700 3506300 3474600 3496200 3524600 3486600 
256:40236100 22466400 23044300 26396100 22020700 27833800 22874300 21987200 21898800 23763400 21907200 21508100 21750500 24830000 21760000 21890400 24125100 21820700 21504200 21842200 
512:222022400 200803400 194455700 189873800 230635600 183262600 185581300 195292100 187513300 188459900 201418300 187741600 184759200 194097200 195954200 183162700 185329800 191059100 195927600 199538500 
1024:1460555300 2055094600 2176819800 2395639300 2326495200 2436392200 2161813300 1370946000 2287512900 2303693300 2291489900 2257326800 1379112900 1357720400 2173730200 2101348500 1365327900 2173137100 1362319000 2254024600 
2048:40109374300 61922161400 39111185800 61956220400 41698585600 51239857200 39152187700 61103410100 37754242200 38377641700 61657953800 39453720800 65807807300 74658278100 38583750600 60739208400 38534905400 61705145000 61670518500 68859206000 

all.ConcurrentMultiplication
4:6708200 735800 678900 708200 697100 687800 751800 661700 586700 746500 553900 515800 514200 517300 560300 533900 522200 553300 543900 556200 
8:5062300 752100 679900 735700 722400 666100 749600 638500 675800 688200 703400 747700 713000 784200 685500 672800 648000 640000 696000 669900 
16:2541200 1305900 1236600 1258000 1226800 1202700 1213700 1303800 1247800 1320200 1315200 1271800 1161200 1183100 1274100 1283800 1227600 1190100 1256000 1231000 
32:9341800 2502900 2311200 2309700 2325200 2267600 2241100 2301300 2320700 2465000 2257000 2310400 2377900 2454600 2393300 3360300 2327100 2376100 2297000 2272900 
64:16695000 4697700 4688200 4923500 4667900 4660600 4682900 4630700 4959200 4978800 4764800 4700200 4739900 4837100 4706800 4646100 4774900 4755500 4672500 4639000 
128:21640400 10083900 11491400 10465300 10318200 10717800 10434400 10160300 10287100 10260000 10398400 10298900 10429600 10473500 10356200 9993300 10148200 10914100 10151800 10223900 
256:42192100 24534600 24284700 25006800 24415600 24372400 24370100 24873600 24580400 24562900 24294400 24316100 24177300 24472900 25895200 24602200 24376500 24601800 24804800 24591500 
512:90509000 79695400 77918700 81215600 81826900 78921300 82365500 80374200 81173200 80825700 92341500 78394100 79504400 80855200 79398700 82828000 79705800 82564200 79990500 79788000 
1024:484517700 475229400 629374200 465720300 680471300 471618100 628577100 477818300 642585800 473812000 463449800 477006200 466101500 647670600 685174300 617557300 664571500 642855700 467115000 488097300 
2048:8032676400 13801285300 13656683100 7664458400 13158022400 7595082200 14246909400 8613816600 14390073000 10696388100 7635926000 7584758700 13951135800 22473008700 7755878400 7617027800 18769688300 7841839300 13442722200 7827677700 

