all.SequentialMultiplication
4:1917700 408400 377500 381600 356300 354100 353400 360100 353400 342900 335900 395900 417000 337500 325700 414200 328400 324200 336000 348800 
8:651200 517400 439700 440300 435100 417100 399700 396600 416900 388100 404200 384200 406300 346900 359700 350300 344800 327600 346400 307000 
16:867100 818200 823300 836800 828900 860000 868000 828500 811800 806500 770200 769400 764400 847100 523700 483100 548900 604800 552200 787300 
32:1426700 1138400 1112000 2008900 2094700 1382000 1495900 1615000 1379800 1405500 932500 1178600 1455700 1318100 1476400 1385600 1002600 1039400 917300 962700 
64:4888000 3607100 3362300 3302200 3345300 3419900 2793500 2643600 3007200 2774600 2887800 1543100 1627300 1567900 1875100 1587100 1731900 1626000 1680300 1705200 
128:6618900 5741500 5864200 6011100 5829400 6699000 4310000 4341900 3903900 3988400 3760200 3743900 3777200 3775100 3863300 3938700 3928300 4097000 3921900 3896800 
256:23459500 22840100 23591700 22070000 22613000 22638300 23073300 22525400 22037600 24554100 22463600 22760400 22845000 23040500 22446300 22244500 25744100 22244500 22200200 22506500 
512:195955600 191229000 188812000 249532100 197321900 187525000 188759200 192446400 211930100 217197500 199709500 187922500 190481500 188564100 189601900 189568200 190173700 189460000 193459100 207110400 
1024:1591882500 2693413700 1951602200 2628816600 1594541900 1679315000 2786567200 2364201600 2136996900 2618547500 1536911900 1613922000 2337580600 1728517800 2342852000 2729180000 2471756500 2730951200 1522463600 2468823500 
2048:41230825700 71007985900 70654627500 73465445000 40607224900 41212947900 75427061100 41466446200 40844533800 89047223100 41113537400 77243000000 70198498600 41192905900 41000289800 68197597400 41882140900 85455976400 40779344800 71289711100 

all.ConcurrentMultiplication
4:948600 749500 663000 615800 662000 630200 601700 612800 631700 648600 542800 490100 491100 469200 469900 497800 481800 475100 461000 477900 
8:879700 935500 803900 718300 763700 763900 833900 784300 727700 704100 847600 824900 742800 857300 861800 821600 744200 790500 883600 842300 
16:1601000 1487800 1505000 1602900 1452400 1462500 1417700 1377400 1309100 1656800 1721500 1885000 1670100 1612000 1558400 2128800 1953500 1666600 1812100 1390600 
32:2595000 2535300 2496600 2481600 2601600 2432700 2543200 2894600 2832700 2480900 2445400 2472100 2709600 2647700 2625000 2641000 2740900 2899600 2626100 4094700 
64:5828900 5978600 5708400 6167800 5125000 5383700 5462200 5244300 5139600 5273900 5160700 5085600 5465100 5136600 5864800 6192200 5602600 5967300 6378900 6952800 
128:11357400 10906200 10796300 10946900 11750500 11826900 12105000 10878100 11061600 12666500 11697600 11439200 10815000 11433300 11587300 10884500 10958800 12088700 12234700 12156800 
256:26776600 31084900 27212500 26313500 27706100 28288000 26252100 27568500 27719800 26159700 29235400 28027900 26004400 27546600 27550400 26854900 29041100 27569400 26823400 26479200 
512:96355200 91792100 95112500 106986000 87581400 88195100 87943900 87064600 100557900 90569000 89423300 100118600 90631700 88386000 97136300 86488900 89554100 88037300 88544500 92409000 
1024:783097200 830865700 841880500 770901000 784825100 778570300 798150100 814707500 576720700 569892100 799031100 801332900 791043700 770103200 757274100 789475200 557982600 549833200 772122400 802544500 
2048:9748194800 9713401100 16190985200 9282793800 16444259100 9227079000 13347049300 16510671400 9047141300 9090088700 14231585400 17047188800 9626891400 20617007800 29790217400 9191852600 21122213200 31014308800 16806642300 9396563400 

